1	9430582	0.2048	
1	9431222	0.6246	
1	9432161	0.7982	
1	9432389	0.1364	
1	9432910	0.6784	
1	9434136	0.08444	
1	10850286	0.2455	
1	10850797	0.6704	
1	10850843	0.7131	
1	33828833	0.04036	
1	33831833	0.04036	
1	38711631	0.8058	
1	38712155	0.7845	
1	38713478	0.5277	
1	38713982	0.04293	
1	38835476	0.4974	
1	38836185	0.6637	
1	38836258	0.8808	
1	38838005	0.4383	
1	38838607	0.6964	
1	51163950	0.4096	
1	51166301	0.00299	
1	61918043	0.5719	
1	61918724	0.322	
1	61920768	0.564	
1	62046055	0.9173	
1	62047854	0.527	
1	62048978	0.9173	
1	62052963	0.3785	
1	62053965	0.2501	
1	87820999	0.3783	
1	87821314	0.4608	
1	87821430	0.5468	
1	87821545	0.6171	
1	88025143	0.1204	
1	88025223	0.9804	
1	88025363	0.1336	
1	91304635	0.432	
1	91308395	0.4643	
1	97609325	0.8325	
1	97610025	0.545	
1	97611514	0.8049	
1	164603525	0.5397	
1	164603786	0.5653	
1	164603901	0.3702	
1	164604121	0.6494	
1	164604778	0.3076	
1	164605299	0.4009	
1	164605446	0.6769	
1	164605742	0.1273	
1	164606506	0.4807	
1	164805233	0.005725	
1	164806718	0.1904	
1	164807124	0.1904	
1	164807329	0.1904	
1	164807829	0.02589	
1	164807928	0.1464	
1	167295837	0.003512	
1	167297503	0.1276	
1	167299334	0.9573	
1	198263740	0.04305	
1	198264899	0.0759	
1	198265821	0.1033	
1	204422530	0.6034	
1	204424428	0.8045	
1	204425027	0.1232	
1	204425430	0.1283	
1	204426294	0.2257	
1	204426372	0.1182	
1	213499231	0.601	
1	213597840	0.1522	
1	213598397	0.6611	
1	213599315	0.08757	
1	213599812	0.1824	
1	213600094	0.177	
1	213600653	0.5916	
1	243875485	0.0001975	
1	243875988	0.0002156	
1	243877647	0.0002125	
1	243878502	0.0001953	
10	11721491	0.9681	
10	11722774	0.3953	
10	11723122	0.4768	
10	11723256	0.4211	
10	11723615	0.7263	
10	35924019	0.6099	
10	35927292	0.3151	
10	37053547	0.693	
10	37054344	0.6737	
10	37054626	0.6567	
10	37054798	0.7126	
10	37054875	0.9203	
10	37055035	0.6171	
10	37055059	0.7522	
10	37055254	0.7971	
10	37055682	0.693	
10	37055776	0.5903	
10	37055787	0.5805	
10	37055826	0.5903	
10	37056101	0.564	
10	37056334	0.5511	
10	37057186	0.5009	
10	37057764	0.564	
10	76176282	0.7934	
10	76177272	0.8303	
10	76180334	0.09734	
10	78392011	0.152	
10	78392317	0.2065	
10	78392977	0.2344	
10	78393135	0.1681	
10	78393148	0.2344	
10	79934416	0.5203	
10	79935836	0.8626	
10	79937795	0.5143	
10	79937987	0.8383	
10	79938555	0.9187	
10	79939996	0.9005	
10	79940470	0.8292	
10	79941084	0.7199	
10	79941511	0.9805	
10	102244910	0.3633	
10	102246511	0.6964	
10	102247407	0.4004	
10	119589228	0.9124	
10	119589312	0.5203	
10	119589469	0.2157	
10	119589779	0.1659	
10	119589797	0.4929	
10	119590098	0.2847	
10	119590329	0.4576	
10	119590800	0.5108	
10	119591251	0.5558	
10	119591329	0.1708	
10	119591445	0.4552	
10	119592082	0.2506	
10	120073142	0.3728	
10	120073904	0.9354	
10	120074099	0.9253	
10	120075045	0.2583	
10	124826467	0.9586	
10	124826629	0.979	
10	124827164	0.958	
10	124827737	1	
10	124828352	0.979	
10	124830743	0.9601	
10	124830972	0.9371	
11	8225687	0.6019	
11	8227812	0.6096	
11	8227963	0.5912	
11	8228919	0.7335	
11	8229725	0.8453	
11	12864109	0.8541	
11	12865440	0.174	
11	12866145	0.008818	
11	12867076	0.06079	
11	12867170	0.008818	
11	12867213	0.009453	
11	12868118	0.008818	
11	12869496	0.009453	
11	12869508	0.1553	
11	15586215	0.5748	
11	15589018	0.505	
11	16311626	0.03026	
11	16422563	0.08201	
11	16425957	0.08995	
11	31622533	0.01195	
11	31624288	0.3514	
11	31624623	0.8793	
11	31896169	0.7722	
11	31896227	0.9571	
11	31897427	0.6964	
11	31898538	0.8073	
11	31898884	0.6606	
11	31900313	0.6784	
11	31900334	0.6222	
11	31988077	0.1244	
11	31988612	0.172	
11	31989911	0.1244	
11	65253573	0.06079	
11	65254024	0.8884	
11	65254200	0.05743	
11	65255588	0.0137	
11	65257328	0.01091	
11	110000794	0.9162	
11	110000979	0.5916	
11	110002568	0.6012	
11	110002743	0.7802	
11	110004686	0.9019	
11	125925746	0.7615	
11	125926483	0.4938	
11	125930404	0.9005	
12	516345	0.5284	
12	517520	0.5233	
12	16170573	0.2746	
12	16172016	0.5728	
12	17174167	0.3173	
12	97468426	0.07371	
12	97468978	0.3249	
12	97469267	0.281	
12	97469304	0.5427	
12	97469683	0.495	
12	97469691	0.7547	
12	97471254	0.3485	
12	97472304	0.2758	
12	97472458	0.7942	
12	103483093	0.06649	
12	103614207	0.7512	
12	103614447	0.3748	
12	103614912	0.4025	
12	103615322	0.7328	
12	111495517	0.4769	
12	114099716	0.2886	
12	114099901	0.3173	
12	114099950	0.3075	
12	114100332	0.1547	
12	114100347	0.2317	
12	114100414	0.9357	
12	114100659	0.4477	
12	114100730	0.8333	
12	114101405	0.02061	
12	114102781	0.546	
12	114104781	0.02858	
12	114105005	0.02363	
13	28317566	0.07354	
13	28319883	0.2148	
13	28320003	0.1758	
13	28321174	0.2101	
13	28321580	0.1949	
13	28396657	0.01242	
13	28397780	0.01221	
13	28397995	0.4787	
13	28398164	0.01242	
13	28398177	0.6012	
13	28398900	0.2339	
13	43166283	0.2617	
13	43166294	0.2617	
13	43167332	0.2447	
13	43167473	0.2704	
13	43167512	0.2371	
13	43168659	0.1406	
13	71358000	0.3901	
13	71358186	0.356	
13	71359205	0.1298	
13	71360512	0.3889	
13	72332430	0.4255	
13	72332749	0.6257	
13	72424288	0.07508	
13	72424532	0.07508	
13	72424871	0.1148	
13	72425098	0.07508	
13	72425225	0.02506	
13	72425394	0.3069	
13	72425998	0.2414	
13	72426022	0.3173	
13	72426036	0.2153	
13	72426046	0.1636	
13	72426429	0.3536	
13	72426695	0.2301	
13	72426822	0.2166	
13	72428646	0.2074	
13	72429502	0.6171	
13	72429729	0.3003	
13	78404840	0.1305	
13	78405609	0.8733	
13	78405710	0.5447	
13	78405882	0.3671	
13	78406311	0.09214	
13	78406882	0.1088	
13	78408654	0.5957	
13	78409149	0.3306	
13	95313113	0.24	
13	95315529	0.2631	
13	95315580	0.5987	
13	95316195	0.1824	
13	95316708	0.1904	
14	22171092	0.7328	
14	22172774	0.9187	
14	29224832	0.2682	
14	29226193	0.6171	
14	29228900	0.9341	
14	29683736	0.01727	
14	29684402	0.01727	
14	29684477	0.01119	
14	29684520	4.132e-06	
14	29684629	0.1028	
14	29685327	3.301e-06	
14	29856950	0.002239	
14	30740658	0.1089	
14	36910703	0.1035	
14	36912536	0.0455	
14	36912657	0.09734	
14	36913824	0.0406	
14	36915098	0.5699	
14	36915468	0.06282	
14	57319889	0.731	
14	57320599	0.3725	
14	57320811	0.6444	
14	57321049	0.564	
14	57322000	0.5771	
14	57322044	0.958	
14	57322090	0.6444	
14	57322439	0.5454	
14	57323499	0.7077	
14	57323700	0.9765	
14	57324564	0.8745	
14	57325373	0.9241	
14	77383465	0.3854	
14	77383809	0.954	
14	77384292	0.5462	
14	77385121	0.1025	
14	77388053	0.4119	
14	99465483	0.1043	
14	99465865	0.397	
14	99466132	0.5507	
14	99466361	0.1089	
14	99466370	0.4887	
14	99466444	0.6379	
14	99466820	0.4981	
14	99466905	0.5293	
14	99467034	0.9203	
14	99467621	0.4733	
14	99467676	0.248	
14	99467932	0.5342	
14	99467955	0.2288	
14	99468143	0.1204	
14	99468211	0.7194	
14	99468234	0.7267	
15	31594827	0.1353	
15	31595000	0.2515	
15	31597977	0.4143	
15	31598443	0.2356	
15	31599500	0.8646	
15	31599660	0.2133	
15	31601562	0.1295	
15	37651464	0.0455	
15	37654348	0.7725	
15	37654861	0.6755	
15	37654879	0.7232	
15	37655121	0.2404	
15	37655954	0.01437	
15	40382440	0.7131	
15	40383778	0.06487	
15	40384131	0.8953	
15	40385087	0.5983	
15	57425412	0.6019	
15	57427940	0.4143	
15	67197784	0.9431	
15	67199951	0.4504	
15	67200083	0.7691	
15	67201029	0.3919	
15	94526229	0.9195	
15	94527431	0.3173	
15	94527962	0.02363	
15	94528550	0.9725	
15	97130368	0.2629	
16	49737066	0.2088	
16	49737094	0.2172	
16	51490998	0.6141	
16	51491444	0.2938	
16	51491596	0.7574	
16	51491824	0.9079	
16	51493550	0.6769	
16	51494188	0.6743	
16	51670010	0.3057	
16	52467108	0.3403	
16	52468235	0.2563	
16	52469601	0.2678	
16	52473262	0.1301	
16	54651569	0.2531	
16	61057078	0.9693	
16	61060169	0.4751	
16	72255576	0.3662	
16	72256902	0.1955	
16	73362337	0.7408	
16	73362586	0.6737	
16	78509356	0.03962	
16	78509446	0.9771	
16	78510209	0.8796	
16	78510576	0.8796	
16	78510678	0.5733	
16	78510858	0.6502	
16	78512036	0.01963	
16	78512087	0.01999	
16	78512312	0.0266	
16	78512539	0.2417	
16	78512552	0.01695	
16	78513190	0.01801	
17	32077377	0.2161	
17	32078003	0.6266	
17	32078225	0.532	
17	32078268	0.5888	
17	32078710	0.2903	
17	32079048	0.4822	
17	32079387	0.4992	
17	32079950	0.8241	
18	19339928	0.2252	
18	22234511	1	
18	22236112	0.4088	
18	22236310	0.4088	
18	22238153	0.4212	
18	22743413	0.3531	
18	22743898	0.1582	
18	22744829	0.2797	
18	22745052	0.3546	
18	22745504	0.001432	
18	22746546	0.2824	
18	23043453	0.6857	
18	23043827	0.00727	
18	23044023	0.01153	
18	23045936	0.0253	
18	23046645	0.01918	
18	23046857	0.7215	
18	23047034	0.01786	
18	23047153	0.655	
18	23047606	0.07787	
18	23431360	0.2973	
18	23431717	0.6483	
18	23431789	0.2947	
18	23433396	0.605	
18	23434580	0.5075	
18	23435221	0.303	
18	23435384	0.4058	
18	23435883	0.09648	
18	25502000	0.4612	
18	25502019	0.4351	
18	25502790	0.3555	
18	25502850	0.1514	
18	25502882	0.3044	
18	25503619	0.5095	
18	25505144	0.3044	
18	34720886	0.3293	
18	34721028	0.2937	
18	34721687	0.7829	
18	34721939	0.00613	
18	34722049	0.178	
18	42323740	0.4598	
18	42323941	0.8855	
18	42325885	0.2433	
18	42326418	0.9223	
18	42941249	0.09721	
18	42942102	0.08913	
18	42942612	0.7776	
18	42944392	0.1336	
18	42944658	0.05076	
18	42944875	0.4935	
18	42945574	0.08776	
18	49571384	0.2373	
18	49572453	0.8693	
18	49572749	0.2464	
18	49573724	0.9233	
18	49574022	0.3302	
18	49574663	0.8608	
18	49575512	0.3047	
18	49575541	0.3709	
18	52700962	0.07446	
18	63078771	0.6339	
18	63079386	0.7389	
18	63079762	0.9301	
2	5548604	0.05718	
2	5553364	0.7942	
2	7775303	0.7722	
2	8780958	0.4437	
2	8784642	0.7145	
2	45029524	0.2363	
2	45033508	0.006447	
2	60351044	0.9039	
2	60351131	0.919	
2	60352392	0.8654	
2	60440198	0.545	
2	60440940	0.01572	
2	60441183	0.204	
2	60442514	0.01475	
2	60760031	0.7343	
2	60760636	0.7292	
2	60762501	0.6036	
2	66762147	0.6257	
2	66762375	0.06978	
2	66762410	0.5805	
2	66764307	0.9899	
2	66764699	0.6257	
2	66764996	0.3005	
2	66765577	0.9451	
2	103908149	0.001131	
2	103908922	0.371	
2	103910700	0.6307	
2	103912647	0.3133	
2	104352494	0.005838	
2	104354231	0.008499	
2	104577809	0.8603	
2	104577934	0.9491	
2	104578532	0.8652	
2	104578922	0.3799	
2	104579287	0.8365	
2	104580502	0.8475	
2	104580974	0.407	
2	104666933	0.6682	
2	104667737	0.8369	
2	104668550	0.8764	
2	104669772	0.8822	
2	104671173	1	
2	105034926	0.3057	
2	105035899	0.3709	
2	105044792	0.3415	
2	105045180	0.5653	
2	105132331	0.2824	
2	105133883	0.6041	
2	105316751	0.6244	
2	105318185	0.6606	
2	105464086	0.0938	
2	105466004	0.0005086	
2	105466650	0.001175	
2	121831764	0.5513	
2	144102593	0.2286	
2	144106557	0.7164	
2	146687934	0.6956	
2	146688020	0.7332	
2	146688233	0.2972	
2	146689980	0.6796	
2	146691430	0.6171	
2	147173704	0.2161	
2	151183904	0.5422	
2	151184679	0.08717	
2	151186027	0.546	
2	156726369	0.8969	
2	156727173	0.9262	
2	164449899	0.2787	
2	164452828	0.4978	
2	172819160	0.5015	
2	172820249	0.1662	
2	172820314	0.1075	
2	172821738	0.191	
2	172954740	0.5102	
2	172955010	0.6755	
2	172957642	0.8777	
2	174112967	0.8626	
2	174113608	0.5108	
2	174113732	0.3536	
2	174114110	0.3689	
2	174114138	0.4787	
2	174114276	0.9248	
2	174116128	0.7583	
2	174116669	0.8325	
2	174117019	0.488	
2	174991116	0.002875	
2	174991542	0.09059	
2	175194549	0.2055	
2	175198500	0.177	
2	175205512	0.1266	
2	212254246	0.177	
2	212255850	0.3606	
2	212256191	0.03265	
2	212258352	0.5485	
20	2721139	0.8026	
20	21213843	0.01921	
20	21217455	0.01242	
20	21218022	0.01332	
20	21218344	0.01575	
20	30190943	0.4332	
20	30192388	0.6099	
20	30192906	0.5124	
20	30192947	0.4796	
20	30193070	0.4796	
20	30193537	0.5124	
20	31113058	0.382	
20	31114478	0.8524	
20	31117615	0.8311	
20	31562716	0.09393	
20	31565597	0.3044	
20	31565735	0.8292	
20	31565793	0.3044	
20	31566126	0.2919	
20	31567022	0.4454	
20	31568097	0.5858	
20	31569421	0.3442	
20	31569684	0.2797	
20	31569995	0.9431	
21	34220159	0.8538	
21	34220276	0.9808	
21	34220610	0.7323	
21	34223287	0.6357	
21	34223914	0.6546	
21	34223996	0.8124	
21	34291495	0.3579	
21	34291639	0.7698	
21	34291707	0.7885	
21	34292068	0.8073	
21	34292162	0.7698	
21	34292174	0.5936	
21	34293341	0.7885	
21	34465266	0.6527	
21	34465430	0.7705	
21	34466119	0.4054	
21	34466261	0.8644	
21	40360133	0.2339	
21	40360247	0.2441	
21	40360908	0.07484	
21	40361927	0.5805	
21	40362989	0.02178	
21	40363303	0.07287	
21	40363373	0.2791	
21	40363460	0.4685	
21	40363689	0.2016	
21	40363877	0.3706	
21	40364244	0.04219	
21	40364603	0.8745	
22	46239933	0.6395	
22	46240089	0.2084	
22	46240716	0.7695	
22	46242147	0.7437	
22	46242358	0.3329	
22	46242790	0.2261	
3	28032388	0.9422	
3	28032390	0.889	
3	28032918	0.2226	
3	28033035	0.2517	
3	28033232	0.7098	
3	28033367	0.8717	
3	28034243	0.8717	
3	28034280	0.8907	
3	28034295	0.6992	
3	28035101	0.896	
3	28035784	0.9456	
3	62352658	0.4682	
3	62360370	0.05992	
3	62404835	0.1747	
3	62404891	0.04287	
3	62406216	0.4671	
3	71152585	0.913	
3	71152696	0.4637	
3	71153109	0.4397	
3	71154795	0.1236	
3	71154817	0.3633	
3	71155118	0.5608	
3	71155249	0.554	
3	71156339	0.5427	
3	71291619	0.9637	
3	71292038	0.5645	
3	112810053	0.1113	
3	112811207	0.1553	
3	112811427	0.05466	
3	112812405	0.7864	
3	112813374	0.9095	
3	112813620	0.03337	
3	112814663	0.9276	
3	112814705	0.14	
3	112816191	0.5597	
3	112816745	0.2065	
3	137185633	0.6659	
3	137185681	0.7232	
3	147562302	0.2464	
3	147563092	0.2284	
3	147563641	0.3754	
3	147564315	0.4428	
3	147566159	0.2284	
3	147567751	0.471	
3	147653590	0.2256	
3	147803349	0.3816	
3	157884415	0.003512	
3	157885281	0.005279	
3	180772170	0.02548	
3	180772240	0.0132	
3	180772746	0.01098	
3	180774427	0.01396	
3	180774672	0.01621	
3	180774846	0.01098	
3	180774986	0.01441	
3	180775133	0.003732	
3	181958417	0.08333	
3	181962396	0.7107	
4	42148701	0.9763	
4	42150212	0.01164	
4	42151305	0.01091	
4	42152549	0.01242	
4	54882696	0.3173	
4	66988432	0.5987	
4	66990344	0.8953	
4	66991419	0.9814	
4	109252867	0.7328	
4	109252928	0.7885	
4	109254422	0.7348	
4	109254867	0.7271	
4	109255112	0.7929	
4	109256855	0.527	
4	109258011	0.8736	
4	109531323	0.3173	
4	109532429	0.3173	
4	113443281	0.7051	
4	113443416	0.1864	
4	126438594	0.3442	
4	126439192	0.3816	
4	126439984	0.3756	
4	126440078	0.4839	
4	126440148	0.4383	
4	126440935	0.1736	
4	126443094	0.3036	
4	153291512	0.3403	
4	153291837	0.5073	
4	181202105	0.2044	
4	181202733	0.6956	
4	181203151	0.7389	
4	181203370	0.1513	
5	2202970	0.7077	
5	2203141	0.7627	
5	2203477	0.4094	
5	2204445	0.553	
5	2204539	0.4987	
5	2204832	0.4751	
5	2207154	0.2265	
5	2207345	0.8947	
5	2207384	0.6579	
5	2207459	0.4263	
5	2208338	0.7599	
5	3197406	0.05813	
5	3197489	0.07186	
5	3199318	0.9456	
5	3199804	0.9941	
5	50389990	0.4562	
5	50391228	0.4723	
5	50392092	0.2363	
5	50392357	0.3992	
5	50392501	0.02183	
5	50392605	0.006642	
5	50467711	0.003554	
5	50469648	0.003752	
5	50470229	0.001946	
5	50470712	0.001647	
5	55894918	0.6787	
5	55895371	0.7705	
5	55895761	0.6787	
5	55895872	0.7705	
5	55896080	0.7599	
5	55896238	0.6892	
5	55896241	0.2038	
5	55896257	0.7494	
5	55896324	0.718	
5	55896629	0.6997	
5	55896949	0.6373	
5	55897013	0.7389	
5	55897068	0.7919	
5	55897151	0.879	
5	55897450	0.0926	
5	55897466	0.7494	
5	55897824	0.7599	
5	55897855	0.6682	
5	55897963	0.6368	
5	55898745	0.8816	
5	55898769	0.5872	
5	55899126	0.09871	
5	55899159	0.7705	
5	55899268	0.6951	
5	55899712	0.1222	
5	55899738	0.09871	
5	55900058	0.08012	
5	55900195	0.1192	
5	55900304	0.9052	
5	55900327	0.09871	
5	77140653	0.4094	
5	77142118	0.2824	
5	77142480	0.4774	
5	77142828	0.693	
5	77144065	0.2937	
5	87081821	0.185	
5	87082275	0.00991	
5	87082946	0.01153	
5	87083186	0.00991	
5	87169574	0.4286	
5	87170136	0.003014	
5	87170485	0.4787	
5	87239530	0.505	
5	87239713	0.0138	
5	87693560	0.03432	
5	87693636	0.1301	
5	90929234	0.08556	
5	90929422	0.5653	
5	91441014	0.0006068	
5	91441787	0.1852	
5	91443388	0.07896	
5	91445350	0.1028	
5	91929876	0.8158	
5	91930881	0.1685	
5	91970188	0.04287	
5	91971297	0.4102	
5	91972069	0.3883	
5	92312057	0.3421	
5	92313044	0.2747	
5	92313840	0.6892	
5	92314438	0.694	
5	92615873	0.4016	
5	92617659	0.1012	
5	92617814	0.7323	
5	92636385	0.3383	
5	92636634	0.5854	
5	93228045	0.1435	
5	101997942	0.5397	
5	101998456	0.5106	
5	101998691	0.4774	
5	101998878	0.5106	
5	101999585	0.354	
5	101999813	0.3852	
5	102000422	0.5106	
5	102001051	0.3852	
5	102001190	0.2741	
5	102001364	0.5106	
5	102002482	0.4938	
5	102002576	0.3852	
5	102002776	0.9431	
5	102003137	0.4774	
5	102003556	0.4938	
5	102003699	0.5277	
5	102003806	0.4938	
5	102004239	0.6171	
5	102004357	0.4938	
5	102004365	0.5987	
5	102004420	0.3852	
5	102004587	0.3232	
5	102004742	0.4938	
5	102004782	0.4774	
5	102004848	0.5106	
5	102004879	0.5987	
5	102005037	0.2553	
5	107298558	0.9805	
5	107298775	0.1287	
5	107299374	0.04842	
5	107299941	1.844e-05	
5	107300085	0.1492	
5	107300654	0.004322	
5	107301272	0.2851	
5	107303080	0.9029	
5	107303506	0.9805	
5	107303575	0.005428	
5	107303748	2.536e-05	
5	107304100	0.3079	
5	124651293	0.7934	
5	124651410	0.6171	
5	124652165	0.8263	
5	124652314	0.721	
5	124652405	0.4133	
5	124652883	0.8096	
5	124655411	0.9814	
5	124655541	0.8189	
5	124708898	0.1406	
5	124709412	0.1553	
5	158486992	0.9444	
5	158488197	0.5626	
5	158488325	0.5106	
5	158507675	0.564	
5	158510053	0.054	
5	158510809	0.2133	
6	3348527	0.505	
6	3348815	0.2356	
6	3349907	0.3933	
6	3350184	0.3057	
6	3350311	0.3523	
6	3350700	0.407	
6	3351537	0.4751	
6	3353526	0.407	
6	3353708	0.584	
6	9093948	0.4351	
6	9093990	0.4351	
6	9094814	0.4351	
6	9095363	0.4496	
6	9095779	0.5823	
6	9095865	0.5996	
6	9098289	0.4496	
6	18535525	0.441	
6	18535937	0.4063	
6	18536740	0.4508	
6	18537799	0.3485	
6	18538044	0.08776	
6	18539631	0.2469	
6	18539667	0.4607	
6	19717875	0.05302	
6	19718348	0.5626	
6	19720955	0.24	
6	19721680	0.0431	
6	19721888	0.06237	
6	19723605	0.3581	
6	19975945	0.655	
6	19976216	0.6339	
6	20865628	0.009768	
6	20866047	0.3313	
6	20866243	0.4104	
6	20866856	0.3149	
6	20868063	0.1072	
6	20869479	0.4353	
6	20869815	0.356	
6	20870092	0.7706	
6	20870637	0.3951	
6	22150357	0.2342	
6	23178888	0.3821	
6	23179697	0.8465	
6	23179791	0.2501	
6	23181311	0.3173	
6	41523065	0.4309	
6	41559528	0.7412	
6	41560286	0.9125	
6	41561179	0.8279	
6	41561240	0.7374	
6	41561353	0.2277	
6	41562308	0.7098	
6	41563156	0.3741	
6	97543136	0.001154	
6	97544097	0.09151	
6	97544328	0.177	
6	97546035	0.0938	
6	97546758	0.1531	
6	97752901	0.00053	
6	97752966	0.000486	
6	97753100	0.000486	
6	97753222	3.036e-05	
6	97753574	0.001398	
6	97753951	4.217e-05	
6	97754660	0.0002384	
6	97755247	0.0002038	
6	97756289	0.0001686	
6	97911842	0.06154	
6	97916242	0.0006622	
6	98073470	0.172	
6	98073605	0.02363	
6	98075410	0.01696	
6	98829948	0.8614	
6	98831635	0.4437	
6	99087870	0.7772	
6	99092538	0.8777	
6	111870587	0.09214	
6	111870741	0.7627	
6	111871348	0.7705	
6	111872481	0.2404	
6	111873651	0.7742	
6	111876984	0.8654	
6	111877622	0.6171	
6	112823510	0.5521	
6	112826473	0.2444	
6	140206759	0.5368	
6	140209126	0.4872	
6	140210554	0.99	
6	140211145	0.5965	
6	140212786	0.3698	
6	140213117	0.7352	
6	163277166	0.1601	
6	163277413	0.4702	
6	163277857	0.1936	
6	163279729	0.7543	
6	163279978	0.6527	
6	163280203	0.00119	
7	1267599	0.8103	
7	9272279	0.4298	
7	9272306	0.1269	
7	9272805	0.4794	
7	9273435	0.354	
7	13504781	0.8745	
7	13505163	0.8707	
7	13505486	0.4799	
7	13505527	0.9402	
7	13505552	0.9734	
7	13505752	0.4856	
7	13505819	0.7263	
7	13505876	0.9402	
7	13507589	0.3652	
7	13507622	0.4383	
7	13507858	0.06401	
7	13508285	0.6218	
7	18886176	0.09661	
7	18886617	0.4292	
7	20834049	0.1096	
7	20838950	0.02895	
7	20840255	0.1209	
7	20997931	0.3035	
7	20998685	0.4568	
7	20998874	0.8751	
7	20999418	0.3173	
7	20999858	0.2967	
7	21000344	0.1712	
7	21000438	0.3173	
7	21000511	0.0382	
7	21002211	0.2964	
7	21004276	0.8903	
7	21005706	0.1072	
7	21080406	0.6171	
7	21080681	0.5987	
7	21082350	0.8752	
7	21082903	0.4612	
7	22090350	0.0455	
7	22090927	0.0181	
7	22091140	0.02171	
7	22091321	0.252	
7	22091379	0.8676	
7	22092705	0.05473	
7	22093378	0.0617	
7	22093803	0.06728	
7	25696611	0.1588	
7	25698352	0.06784	
7	25791066	0.4182	
7	25791690	0.3783	
7	25791718	0.2226	
7	25792665	0.05574	
7	25793476	0.2092	
7	25793945	0.4237	
7	25794625	0.354	
7	25794817	0.9693	
7	25795065	0.9591	
7	25795764	0.4899	
7	34100557	0.3069	
7	34101224	0.03384	
7	34101232	0.1926	
7	42191572	0.1287	
7	42192246	0.6388	
7	42193881	0.527	
7	42194828	0.3308	
7	42253312	0.1681	
7	42253430	0.7655	
7	42253815	0.7522	
7	42254500	0.7522	
7	90753097	0.8394	
7	90755495	0.8698	
7	90756681	0.6471	
7	90758235	0.4133	
7	90775786	0.7634	
7	90775825	0.0938	
7	90775924	0.3044	
7	90775966	0.8202	
7	90777061	0.1049	
7	90777204	0.1542	
7	90778370	0.1108	
7	90778573	0.1049	
7	90778638	0.1049	
7	90779763	0.1049	
7	90781333	0.1049	
7	90781986	0.6558	
7	90782230	0.1108	
7	95765044	0.0821	
7	95766842	0.637	
7	95874065	0.0164	
7	95874871	0.01786	
7	95875655	0.02363	
7	95879105	0.2058	
7	95879601	0.02057	
7	114056054	0.8953	
7	114056459	0.05052	
7	114056618	0.6682	
7	114057108	0.7547	
7	114059155	0.8953	
7	114298707	0.658	
7	114300716	0.001074	
7	114302854	0.002942	
7	114303188	0.001299	
7	115452475	0.3816	
7	121967297	0.1482	
7	121967348	0.0004653	
7	121967547	0.0431	
7	121968024	0.0004653	
7	121968546	0.4768	
7	121968562	0.4768	
7	121968768	0.4887	
7	121970117	0.05813	
7	121970853	0.4887	
7	121970900	0.4768	
7	121972033	0.4887	
7	121972280	0.4887	
7	121972531	0.9421	
7	127173661	0.2264	
7	127173772	0.2871	
7	127174678	0.01755	
7	127174747	0.4612	
7	127174877	0.2521	
7	127175235	0.01107	
7	127175640	0.2799	
7	127178161	0.4612	
8	21901083	0.9899	
8	21903315	0.532	
8	28373347	0.8712	
8	36956557	0.05948	
8	36958820	0.1242	
8	53166472	0.6879	
8	53167817	0.5155	
8	53168133	0.5195	
8	53168381	0.6857	
8	53168527	0.7219	
8	59166844	0.06546	
8	59167330	0.1049	
8	59167583	0.3173	
8	59169070	0.8895	
8	59170352	0.08368	
8	59170436	0.1293	
8	59170545	0.07896	
8	59171025	0.2138	
8	59171269	0.08368	
8	59171511	0.09922	
8	59939907	0.9193	
8	59940339	0.4402	
8	59941574	0.1796	
8	59944478	0.6609	
8	59944514	0.588	
8	77597655	0.9891	
8	78041532	0.054	
8	78041733	0.06037	
8	78042158	0.6806	
8	78042724	0.3895	
8	78042818	0.02521	
8	78043304	0.1182	
8	78043461	0.03713	
8	78043789	0.5888	
8	78043985	0.02047	
8	78045386	0.01984	
8	78045584	0.6617	
8	129987131	0.5469	
8	129987659	0.7924	
8	129987701	0.7522	
8	129988218	0.8128	
8	129988305	0.5076	
8	129989734	0.7522	
8	129989836	0.9805	
9	972475	0.5748	
9	975111	0.5583	
9	2240525	0.1458	
9	2240574	0.1281	
9	2241766	0.1429	
9	2241993	0.06675	
9	2242201	0.0926	
9	2242603	0.1601	
9	2243813	0.2583	
9	2243962	0.3375	
9	3400623	0.1015	
9	3401989	0.1555	
9	3402589	0.1142	
9	3402699	0.1109	
9	3402869	0.1226	
9	8094389	0.6583	
9	8094832	0.471	
9	8094928	0.9546	
9	8095637	0.4568	
9	8096752	0.7634	
9	8097338	0.8525	
9	8097414	0.4329	
9	13749916	0.7624	
9	13749976	0.9444	
9	13750079	0.5517	
9	13750429	0.1681	
9	13750565	0.3173	
9	13750810	0.1372	
9	13751126	0.4774	
9	13751378	0.4854	
9	13751823	0.5143	
9	13751892	0.309	
9	13752126	0.9029	
9	23003584	0.512	
9	23004394	0.9748	
9	81009670	0.8231	
9	81011730	0.4824	
9	81011740	0.6459	
9	81011911	0.3499	
9	81012357	0.4102	
9	81013825	0.8152	
9	81014824	0.9718	
9	81015338	0.4304	
9	81051405	0.509	
9	81052049	0.822	
9	81053849	0.9041	
9	81054214	0.8575	
9	81054924	0.8026	
9	81056742	0.5203	
9	81472279	0.5888	
9	81473926	0.06487	
9	81474297	0.05466	
9	81869418	0.4291	
9	81869477	0.3064	
9	81870378	0.4428	
9	81870810	0.7676	
9	81871499	0.7658	
9	81872344	0.7553	
9	81872879	0.64	
9	81873004	0.4934	
9	81873320	0.7897	
9	82008852	0.6825	
9	82010264	0.6825	
9	82010893	0.6494	
9	82011381	0.5546	
9	82012606	0.1645	
9	82012900	0.3947	
9	82225052	0.4408	
9	82225236	0.4765	
9	82226700	0.9852	
9	82275558	0.356	
9	82275590	0.5485	
9	82277216	0.5485	
9	82279448	0.9531	
9	82279541	0.3867	
9	83725735	0.3112	
9	83726044	0.4083	
9	83726096	0.3173	
9	83726175	0.4261	
9	83726425	0.3868	
9	83726871	0.5026	
9	83727200	0.6671	
9	83727230	0.505	
9	84167192	0.5815	
9	84167258	0.1306	
9	84167414	0.542	
9	84167946	0.5457	
9	84168157	0.4411	
9	84262894	0.7583	
9	84264098	0.2301	
9	84264261	0.4329	
9	84264263	0.7235	
9	84264425	0.5359	
9	84264882	0.4329	
9	84266211	0.4102	
9	84267146	0.7583	
9	92294157	0.8209	
9	98259702	0.006116	
9	100636239	0.979	
9	100636397	0.3852	
9	100637338	0.979	
9	100637680	0.4146	
9	100637858	0.3709	
9	100638419	0.4146	
9	100638517	0.8846	
9	100638922	0.6402	
9	100639064	0.3852	
9	100639274	0.3709	
9	116725480	0.1864	
9	116725718	0.9715	
9	116726765	0.6702	
9	116726903	0.9601	
9	116727572	0.8569	
9	116728394	0.9477	
9	116728444	1	
9	118228321	0.4063	
9	118229833	0.8732	
9	118231179	0.2922	
9	118231831	0.03072	
9	128521472	0.3173	
9	128522365	0.2806	
9	128645616	0.6257	
9	128646862	0.6348	
9	128868233	0.1972	
9	128869209	0.00941	
9	133355370	0.2157	
9	133355901	0.4533	
9	133355964	0.2157	
9	133356192	0.1961	
