1100.0514028950483
1136.0245919673348
1044.4778735077916
1130.3679873064384
1155.7488702721
1178.2540245549392
1123.6152028780218
1138.9048238446248
1098.7470708317132
1078.7087937769643
1068.4454778506126
1115.3832338606562
1194.2141485604045
1122.4648570986906
1244.0153960316238
1094.8043221259395
1066.1999638411758
1038.567881551055
1151.354400055224
1165.6829912503079
1178.1025098283694
1046.75420713214
981.0425887731924
1089.3780820549205
1109.4226045666123
1034.2712473302242
1136.728255928573
1123.6254600335885
1064.8439249067183
1114.514765003344
1076.155748494432
1170.7165684007557
1069.3336640280709
1078.2806732575325
1117.5809882643002
1068.4757194690724
1094.9735651393578
1083.2145223510934
1061.3842086605277
1105.7296567741469
1132.733019822811
1119.069821436235
1152.2047698550616
1099.3225722183668
1087.3312063152048
1131.8854150113302
1129.6041753901245
1096.122660423194
1085.2623947807506
1102.424241881226
1099.7272706578806
1173.3337998694271
1016.9160865954025
1131.0336375505435
1151.3963424973563
1101.544544750261
1076.8796299188914
1110.3073378601434
1112.76648874477
1106.591689839605
1138.603563076227
1123.0474335899298
1088.5655811839633
1083.3155614288116
1094.6360997133643
1241.1931796992194
1076.1496652116775
1093.2130983565478
1024.8435313961834
1093.7473931343152
1163.0179242983518
1119.5859268383563
1058.3357440014945
1144.5223372619807
1032.861269607272
1091.7997969628552
1094.4636939742786
1083.288016696353
1068.3116139739689
1032.9693336069477
1130.7969844528081
1107.1901881002884
1047.7486133921063
1111.9469268430296
1119.7515004293366
1106.5476187390123
1033.7653948086947
986.8128905108631
1105.240501466101
1094.0986881284107
1076.9662447971775
1109.402177841219
1070.6632101819441
1171.3042712172464
1077.8234561712127
1120.2560381802948
1073.481463552388
1147.140990679005
1121.313812047996
1083.5244370760477
1108.6408370054464
1034.6980809466972
1155.2511292880217
1173.9119799887974
1064.2243590373748
1130.4957500224239
1136.2283598452027
1069.5655322109233
1070.6034090335093
1152.9386899516307
1108.5535083515692
1097.7885310189322
1109.8820388497534
1092.2208156704319
1031.8932527445604
1114.6417691384927
1068.2603428786385
1124.596482766489
1147.6128864933132
1116.8985227280134
1099.3595339075855
1059.2543998189783
1071.046612851059
1082.1723458716847
1234.7479968912883
1115.0620707587736
1082.8783510553897
1101.777818986051
1071.197777543729
1133.8477181353571
1093.9927418465509
1063.553048880535
1098.0806060595883
1084.826165911682
1098.2009071296225
1119.9119357452967
1111.0340533686685
1012.4263913363552
1102.6206577772066
1158.3453766774326
1113.9014775747485
1137.4672367751314
1022.5844899877857
1045.8873389166624
1126.3209255396719
1163.4125406755124
1176.5475474178018
1095.2364593354982
1043.1357497451525
1037.3374909554173
1093.7615794107896
1141.818431000609
1103.0228477222186
1137.4484684562415
1171.1797094798214
1092.1441533946
1177.3511582553763
1007.6868234354799
1081.2692642485658
1168.0413968152156
1123.1621051996426
1109.9647933471288
1088.6290486707958
1096.9488679828098
1131.4072557567179
1131.7873957244776
1029.5578127485867
1143.222477879562
1159.9258733149866
1043.2513480966413
1143.8531711477294
1113.4782626483448
1090.7278723673687
1136.580553325532
1055.7997909731334
1154.2480794730157
1152.8224650173108
1044.2917904314102
1023.5107136969254
1046.6799065794496
1093.268318067957
1078.502175205092
1135.2690871026634
1188.0905030621886
1166.0068994098929
1138.4442910569237
1071.2610727614212
1105.600656458181
1194.5037742972947
1120.7920897884492
1094.2930879366254
1069.999581504452
1102.5397928431487
1115.395774341907
1069.102165111882
1126.7482727549664
1145.7137696622963
1165.274127065485
1047.6853650631601
1148.0144989099017
